32
-404489	 268759	 476741	  952613	 -855276	 -31257	 136244	  57185	-602600	  -17528	-783441	  801663	 315469	-195428	  -4833	   27053	 391616	 -406470	 -748403	  227128	-253619	1020194	  475633	  644751	-951282	1035437	 -171087	  -85141	 481609	 585405	 197935	-138521
 130283	-866200	-106466	  923432	 -626641	 655688	-848073	 210200	 527855	  813994	-365049	  931127	-509350	-903331	-276889	 -699313	-124762	  671483	  931691	  376579	-595406	-841211	  108224	  675847	-360051	 282485	 -414213	   63428	 -85131	 159600	-225927	  33498
 244108	-321550	 324475	 -107316	 -740042	-241131	-289462	 -38076	-701807	 -496154	-266839	 -825790	-360783	  32598	-507767	 -332573	 257424	 -427800	 -275304	 -569612	-325126	 850607	  445872	  397931	-130471	 959523	-1139937	  808811	 868890	 826535	 396661	-558656
-140004	-320162	  65683	  -71004	  716412	-691046	 -28437	 647011	 -75262	  -16024	 -69446	  555131	-661840	 153839	-559747	 -391588	  27359	   69563	  218000	  139181	 -48007	-478578	   66977	  -48762	 601762	-242838	 -751273	  110334	 297000	-151576	-451525	-522813
-106020	 792768	  36511	  154566	  689564	-161068	 618064	-444023	 337366	  340507	 -34273	  -49374	-195103	-266583	-742354	 -103715	-791754	 -172123	  593385	  409911	-296841	-316151	  -78864	  -68541	   7085	-416539	  345530	  259550	-892373	 -67678	   1851	  87787
-164493	 -28062	 -87233	   21341	   73700	-288357	-281055	 238590	-737820	   -9872	 336486	 -590169	-200241	1123430	 526399	  789373	 388067	  -39115	 -127237	  446371	 603343	 -63445	 -490516	 -432681	  66143	 402736	 -183976	  564596	  99354	-128335	-121611	-218137
-401385	-375896	  22955	  184600	 -567294	   2640	 227398	 144000	-755605	 1687146	 438864	  535312	 -29119	  59026	 -10785	 -640801	-248885	   53106	 -486923	 -301412	 791375	  82279	 -803609	 -106193	-882786	 536162	  571797	  -46231	-388834	-143992	-338523	-183742
-313157	-265489	 196521	  -67736	  150877	-151197	 238559	-695848	-292540	 -625569	 219905	 -407720	-141337	-601088	  67832	 -306577	-352901	  147553	 -501115	   47238	 137251	 112894	 1073730	  104134	 793883	-252730	 -448242	 -996571	 467401	 115068	 -24929	  62525
-818415	1078312	  27637	 -718222	 -107923	-301763	1239268	  -9478	-836632	  222493	-306167	 -497759	-326072	 358696	-718416	  -62633	-616991	   33014	 -393251	 -223518	 359320	 768346	 -420278	 -590281	-295233	 159001	 1017020	 -290171	  93999	 447988	 131671	 -44400
 799669	  -4772	 552463	 -142418	 -195230	-384664	 426033	  -9625	-174317	  197515	 271685	 -518885	-396430	 493091	-531477	 -375375	-521025	 -420512	 -785230	 -556024	 106733	 -43326	 -133746	 -362041	-413355	 125299	  331995	  817970	-203873	 397510	-161009	 212998
 178637	-471797	 -20573	  400054	 -240955	-194613	-181651	 689086	-630379	  562656	 183268	  499173	 -62258	-153104	   3007	  457061	 395154	 -819419	 -802711	  248610	 129912	-146408	 -808207	  -46139	-704652	 671868	 -542194	  431939	-519670	  -4436	-556808	 445424
 410820	 394996	-210281	  250708	  220173	 218291	-240470	 118239	-251142	 -623123	-163697	 -151658	 382584	-273622	 262663	 -635399	 -82016	 -230794	 -654767	  238460	-800058	-640963	  674630	  657111	-336378	 -25884	  147940	   22504	 -51505	-238221	-779857	-616168
-438599	 438531	-279245	  584426	 -260660	 -30530	-714289	-623691	  30338	   13049	  -1015	  430378	-437062	-723947	 584072	 -512387	 414274	  812660	   95985	  137521	  48287	-486047	 -260066	  798896	-143754	 231885	  332012	  724580	 -44444	-287092	 162501	-437808
 549155	 424328	-386985	  357380	  290355	 360845	 456929	-360490	 126812	  782651	 -41580	  661047	-665582	-252315	 487830	  212498	-295518	  956170	  473426	  323936	 373513	  84747	 -453002	 -616778	 299922	-604197	  622081	 -163038	 106473	-222073	 -43300	 560634
-894371	 105666	 -77981	   15165	 -607216	 420992	-221025	-121630	  74441	  718687	-405082	  -19165	 867047	-100585	-342867	 -347690	-496837	   56300	  324939	 -423806	 115311	 -58294	  256059	  385423	-570187	-283831	  303652	 -966212	 338423	 -68620	  21885	-326294
-621041	 192570	-564160	 -264217	 -359999	 194658	-279247	-372250	-392819	   12950	 869497	-1068159	-244735	 312657	 402659	  354114	 194191	  201773	   93904	  584868	 379624	 -10445	 -906618	  130204	 183582	 442808	  338485	 -442780	-665891	  86995	 374775	 113044
 243368	-315693	 403694	   94541	  570492	  12789	 118689	 -24219	 903529	   19066	-702958	  631866	 484184	-973098	-675615	 -992662	 -95172	  -90002	 -184534	 -490987	 -19918	-362836	  648335	  547733	 -47928	-420873	   25508	 -216154	-114975	-762816	-111928	 526324
  49186	 160015	 -79602	 -311139	  252412	-398907	 269419	 691157	 168974	  407953	 -53561	  352775	-795264	 900332	  57767	  798967	 146606	 -322041	  329882	 -253987	-131148	-156002	-1058073	-1176641	-503806	-298357	  176099	  658610	-215006	 288136	-895903	 286697
 535271	-431617	 -89571	 -159530	-1045462	 -86376	  36803	-276547	-320452	 -822302	 194608	  103060	-159353	-278191	 205358	   64478	-537663	  -32176	  212117	    7127	 324511	-167464	  -63485	 -100869	 115043	 338802	 -846723	 -322108	 407763	 709974	 324380	-366030
 171837	-281708	-268762	 -212322	 -918936	 573855	 625174	-218145	-230073	  -54359	 594521	  -49779	 196966	-314160	 272620	 -298099	-415204	 -181130	   -8195	  137025	 882488	-518083	 -392934	  -14066	-439759	 467870	  388047	  -15704	-419920	-475818	-357563	-302561
 147694	  50527	 528459	   54029	 -312729	 143372	-302382	-296087	-351928	  268177	  43671	  541927	 251054	     -8	 769144	  888226	-188147	  613862	  721605	-1124825	-774221	-766426	  520408	 -304924	-674704	-606545	   43951	  503095	 571175	-110337	 -84518	 366555
-146682	  99672	-131015	   42315	   13547	 552223	-341384	 475913	-353939	  332685	 381006	 -497856	 268305	 115726	 259620	   86781	 276026	 -220828	 -182416	   35066	 590802	 768106	 -337263	   95409	-165384	 569975	  -24910	-1125109	-298951	 163299	  20584	-188602
 129707	-237211	-132082	  -12735	  -73882	  -5290	 574299	-143828	 548403	-1191297	-599807	   28275	 284673	 208215	-106478	 -423483	-134607	  168200	  -34804	 -175149	 376080	  89330	  156795	  -87461	 458852	-150234	 -412899	  -21248	 -11556	 421548	-132037	-729830
-404087	 136070	-506147	 -330547	 -141940	-533213	 202949	-162555	   7561	  162688	 219400	  668374	 -67174	-146192	 234984	  717937	-353963	  121466	  660997	  289145	 -48737	 352590	 -962199	 -836351	 335389	-390517	  203467	 -833032	-174731	 -26508	  48486	 331801
  91260	 364970	 297602	 -211759	 1436396	-228510	   1563	   8760	 762354	 -312849	  22992	  102086	-604955	  31109	-218103	  -24464	  22675	  437774	  701981	  600788	 193486	-434873	  483652	 -174533	 592145	-206023	  277745	  352683	-417565	-476475	 625344	 456230
 -37927	-299959	 209530	  766737	 -118648	 256463	 485874	 962752	-180061	  645307	-200856	  241505	 421525	 989557	 174216	  -46510	 251673	   38653	   32654	  552073	 708411	 613607	 -205330	  385501	-222915	 948749	  320446	  310264	-107159	-289708	 100751	-125434
 147740	 768073	 740171	   10632	 -447993	-161450	 205484	-339063	 143857	 -826043	-616209	  249633	  76871	-672114	  76120	  625721	-770538	  460970	  491851	 -785574	 -44549	-216440	  275670	  586412	 153632	-111354	 -561559	  537931	 651754	 644785	 919653	  71864
-197835	-406192	 131094	 -127708	 -198761	-189052	 688621	-189136	-532826	 -103275	-178363	 -608122	 207484	  17143	-879391	-1058187	 251398	-1121442	-1152720	  227031	 287240	 855080	  610884	  385684	    998	 119012	 -366744	 -737628	 467674	  38825	-162740	-825727
 695167	 612645	 683441	  129011	  -40720	 270078	-840803	  88860	-774322	 -612326	  58870	 -992322	-601965	 653700	 152240	  154129	-440787	  235063	 -428109	 -269816	 -70979	-268488	   64876	  250339	 157160	 618923	 -328361	  148855	 587875	 994988	  26230	 103109
 275107	  51049	-172906	  480380	 -127602	 395729	 118583	-762851	 431484	 -550596	-564881	  372815	 121034	 592550	 140915	 -495792	 238874	  -92358	  619771	 -291170	-795418	  34599	  518014	 -190397	 -53818	-182034	  176658	  470683	 208510	 502635	-267363	-699548
-579013	-878803	-876741	-1021887	 -656043	  87849	 333892	 834391	-878713	  -12690	 797185	 -327122	 207314	  64518	 -72365	 -394876	  43304	 -460035	 -703398	  876575	 154756	 258983	 -273275	 -157474	 272029	 811367	  221671	-1548339	 -99617	-624993	 -60445	 176084
-183415	-505789	-464487	  336723	 -276629	-311233	-638935	-111495	 352439	  343003	 175631	  245425	 377869	-931129	 -16434	 -937477	 101915	   29833	 -648627	 -201207	-879149	-339986	  319936	  577666	 -62815	-186527	  191473	   -9121	-501895	-470598	  44459	 -44459
