16
-269	 -237	 979	 468	 1496	 -627	  493	-1056	 941	-752	1128	-897	 448	-1368	 352	-312
 -420	 -402	 587	 205	 1813	 -458	  590	 -770	1155	-809	 969	-901	 766	-1432	 212	-351
-1029	  199	 212	 546	 -362	  130	-1868	  710	-512	1322	 -91	 985	-494	   95	-524	 -39
  764	-1095	1132	 -24	 1057	 -857	 -434	 -598	 269	-138	 891	-726	 356	-1053	 236	-273
 -293	 -691	 229	-109	  473	 -323	 -364	  189	 241	 337	-154	 683	-204	 -333	-304	-156
 -848	  536	  44	 937	 -538	  355	-1764	  310	-277	1200	 389	 323	-323	    0	-344	 -78
 -312	 -389	-117	 184	 -152	 -164	 -320	   78	 186	 423	 -87	 430	-185	 -141	-228	-117
  975	 -224	 830	 398	  297	 -727	 -456	 -530	  62	 -39	 542	   3	-272	 -807	 196	-195
  286	 -297	 508	 319	   97	 -380	 -136	 -208	 483	  -2	 275	  83	 -96	 -953	 184	-234
-1010	  684	-812	 635	-1484	  371	-1457	  567	-318	1452	-296	 887	-390	 -146	-356	-117
  868	 -540	 889	-416	  205	-1011	  331	 -720	 863	-222	 913	-646	 517	-1442	 300	-273
  129	  -96	  11	-160	 -104	 -227	  -76	 -709	 201	 169	  90	 -42	  61	 -956	 148	-351
 -357	  706	-369	 421	 -929	  330	 -733	   88	-334	 786	-333	 839	-536	 -123	-152	 -78
 -333	   96	  -3	-130	 -438	 -139	 -302	  245	 321	 345	 132	 328	 267	 -248	-396	 -39
  -87	 -318	-159	-246	  237	  -57	  108	 -420	 108	 -99	 -30	-306	 252	 -477	 120	-234
  315	 -684	  81	-477	  738	 -252	  567	 -855	 243	-558	  99	-801	 423	 -900	 468	-351
