32
14	  2	-2	  0	 10	  0	-4	  6	-10	 4	 2	  2	  2	 0	-4	-4	 12	  0	-2	-10	  0	10	-2	-4	 2	 2	-6	  6	 4	-4	  8	  6
 2	-10	 6	 12	 -2	 -4	 0	  6	 -2	 4	10	 -6	 -6	 4	 4	 0	  4	 -4	 2	 -2	 -4	-2	 6	 4	-6	10	-2	 -2	-4	 4	  8	-10
12	 -4	 4	  2	  0	 -6	10	  4	  0	-6	 4	  4	 -4	-2	 6	-2	  2	  6	 0	 -8	 -6	 4	 4	-2	 4	 0	 0	 -4	 2	-2	  2	  4
 8	 -4	-4	 -2	  8	  2	-2	  0	 -4	-2	 0	  0	  4	-2	-2	 2	  6	  2	 4	 -4	  2	 0	 0	-2	 0	-4	 0	  4	 2	-6	  6	 12
12	  0	 0	 -6	  0	 14	-6	-12	  4	 2	 0	  0	  4	 2	-6	 6	 -2	  2	 0	  0	  6	-8	 4	-2	-4	 0	 0	  4	-6	 6	 10	  4
22	 -2	 2	  0	  6	  0	 0	  2	 -2	-4	 6	  6	  2	-8	 0	 4	  0	  4	 2	 -6	  4	 2	 2	 0	-6	 2	 6	  2	-4	 4	  4	  6
20	 -8	 0	 10	  4	 -6	-2	  8	 -8	 6	 4	 -4	  4	 2	-2	 6	  6	  2	 4	 -4	 -6	 4	 4	 2	 0	 0	-4	  4	-2	-2	 10	  4
16	 -4	-4	 10	  0	 -2	 2	  4	  0	 6	 0	  4	  0	-2	 2	-6	  2	  6	 0	 -4	 -2	 4	-4	-2	 8	 4	-8	 -4	 6	-6	  6	  0
10	  2	 2	 -4	  6	  0	-8	 -6	 -2	 4	 6	-10	 -2	12	-8	 8	  4	 -8	 2	  6	  4	-6	-2	 8	-6	 2	 6	 -2	-8	 8	  0	  6
16	 -4	 0	 14	 -8	 -6	 6	  0	  8	 2	 0	 -4	  0	 2	 6	 6	 -6	 -6	12	  8	-14	-4	 4	10	 0	 8	-4	 -4	-2	 2	 -2	 -4
 8	  4	-4	  6	  0	 -2	 2	 12	 -8	 6	-4	 -4	  8	 2	-6	-6	 10	  2	-4	 -8	 -6	12	 0	 2	 4	-4	-4	  0	 6	-6	  2	  0
18	  2	 2	  0	  2	  4	 0	 -2	  2	-4	-2	  6	  2	-4	 0	 4	  4	 -4	 2	  2	 -4	-2	 6	 0	-2	-2	 6	  2	 0	 0	  0	 10
16	  4	 0	  2	  0	  2	-2	 -4	  0	 2	 4	 -8	  4	 6	-6	 6	 -2	 -2	 4	 -4	 -2	 4	 4	 6	-8	 8	 0	  0	-6	10	  2	  0
12	-12	 8	  6	 -4	-10	 6	  4	  8	-6	16	 -4	 -8	-2	 6	 6	-10	 -2	 8	  0	 -2	 0	 0	14	-8	16	 4	-12	-6	14	-10	 -4
12	 -8	 8	  2	 -4	 -2	 2	  0	  4	-2	 8	  0	  0	-2	 6	 2	 -6	 10	 0	 -4	  6	 0	-8	 6	 4	 4	 0	 -8	-2	 6	 -2	  0
18	  2	10	  0	-10	  0	 8	 -2	  6	 0	 6	 -2	 -2	 4	 8	 0	 -4	  8	-2	 -2	 -4	-2	 6	 4	 2	 6	 2	-10	 0	 4	  0	  2
 8	 -4	 4	-10	  0	  6	 2	-12	  4	-2	-4	  0	  0	 6	 2	 2	  2	  2	 0	  0	 -2	-4	 4	-2	 4	-8	 0	  4	 2	-2	  2	 12
14	  2	 2	 -4	  6	 -4	 0	  2	 -6	 4	 2	 -2	 -2	 4	 0	 0	  8	 -4	 2	 -2	 -4	 2	 2	 4	-2	 2	-2	  6	 0	 0	  4	  6
18	 10	 2	-12	 -2	 12	-4	-10	  6	 0	-6	 -2	  6	 8	-4	 4	  0	  4	-2	  2	  4	-6	 2	 0	 2	-6	 6	 -2	 0	 0	  0	 14
16	 -4	-4	  6	 12	 -2	-6	  4	 -8	 2	 4	  0	  0	 2	-6	 6	 10	 -6	 4	  0	 -2	 0	 4	-2	-4	 0	 0	  8	-2	-2	 10	  4
 4	 -4	 8	  2	 -4	 -6	 2	  4	  0	-2	 8	 -4	  0	-2	 2	 2	 -2	  6	 0	 -8	  2	 4	-4	 6	 0	 4	 4	-12	-6	 6	 -2	  0
16	  0	-4	  2	  4	  6	 2	  0	 -4	 2	 0	  4	  4	-2	-2	-6	  6	  6	-4	 -8	  2	 4	 4	-6	 0	 0	-4	  8	 6	-6	 10	  0
10	 -2	-6	  8	  2	  0	-8	 -2	  6	 4	-2	  2	  2	-4	-4	 8	 -4	 -4	10	  6	  0	-6	-2	 4	-2	 6	-2	  2	-4	 0	  4	  2
20	 -8	 0	  6	  4	 -2	-2	  8	 -4	 2	 0	  4	  0	-2	 2	 2	  6	 -2	 4	  0	 -2	 0	 0	 2	 0	 0	-4	  8	 2	-2	  6	  0
16	 -8	 4	 -2	  0	  6	-6	 -8	  8	-2	 0	  4	  4	-2	-2	10	 -6	  2	 4	  4	  6	-8	-4	 6	 0	 0	 4	  0	-6	 6	 -2	  4
12	 -8	-4	 10	  0	 -6	 2	  8	 -8	 6	 0	 -8	  8	 6	-2	-2	  6	  6	 0	 -4	 -2	 8	-8	 6	 8	-4	-8	  0	 6	-6	  2	  4
12	  0	 4	  2	  4	 -6	-2	  4	 -4	 2	 4	  4	 -4	-2	-2	 2	  6	-10	 0	  4	  2	 4	-4	 2	-4	 0	 8	  0	-2	 2	 -6	  0
14	-10	 2	  8	 -2	  0	 8	 -2	  2	 0	 6	  6	 -6	-4	 8	-4	  0	  4	 2	 -6	 -4	 6	 6	-8	 2	10	-6	 -2	 8	-4	  4	 -6
16	  0	 0	 -2	  0	  2	-2	  0	  8	-2	 0	  4	  4	-6	-2	 6	 -6	  2	 4	  4	  2	-4	-4	10	 0	 0	 4	 -4	-2	 6	 -6	  8
18	 -2	 2	  4	 -2	  4	 4	 -2	  2	 0	-2	  2	  2	 4	 4	-4	  4	  4	-2	 -2	 -4	 2	 2	 0	 6	-2	-2	 -2	 8	-4	  0	  6
18	 -2	14	  4	-10	 -8	 8	  6	  6	-4	14	 -2	-14	 0	12	 4	 -4	  0	 2	  2	 -4	-6	10	 4	-6	14	 6	-10	-4	 8	  0	 -6
 8	  0	12	 -6	 -8	 -2	 6	 -4	  4	-2	 4	-12	 -8	14	 2	 6	  2	-10	 0	  8	 -6	-8	 8	 6	-4	 0	 8	 -4	-6	 6	 -6	  0
