32
448 452 -339 -352 444 -340 403 -359 -71 -495 -177 -129 -259 -86 227 -392 -300 -24 -439 -370 13 -445 -47 -205 180 -353 281 262 116 176 -487 124
446 -126 432 290 -264 333 254 -442 -14 -428 -163 -400 407 474 -263 228 -104 -91 246 -473 -143 263 497 -158 107 -231 -453 378 273 386 104 -484
-106 413 -229 -412 482 -204 297 -449 -84 316 331 -292 -38 292 -275 417 33 148 375 245 360 346 -439 -452 208 -414 61 106 -285 -6 376 1
-233 153 -328 -14 214 -88 103 10 278 -398 -479 -316 190 -154 20 -2 -55 295 -24 499 -322 265 251 143 374 212 493 -57 -216 253 373 -263
186 -57 -442 -32 -353 331 -337 -286 -157 93 33 -388 349 -244 463 104 170 94 -324 274 -394 -89 68 248 -93 -251 258 -356 271 -357 -115 218
41 172 -114 295 -473 131 -26 -2 227 428 418 -367 -158 -90 83 -202 -435 145 -337 -392 415 182 -241 260 134 60 186 35 -55 388 11 18
457 -250 -286 -63 -69 -58 -397 -386 -194 -209 156 -394 -273 -438 356 -155 141 250 -496 461 150 -281 -90 43 -239 285 -202 425 -385 279 57 -205
31 -490 407 -187 -354 6 -232 494 125 161 13 352 -197 49 277 423 -232 460 -7 -338 306 -298 -363 -466 -144 -81 209 -397 76 378 -230 305
206 -453 33 10 -351 16 -388 -494 101 -355 -118 -339 25 -9 96 18 159 99 288 -1 360 -115 -355 189 302 360 -260 313 51 342 395 -39
341 -439 479 324 147 143 -30 218 443 -251 -453 431 269 227 -116 289 443 -466 -103 -60 -269 -278 470 97 -255 21 -348 392 -7 345 -142 313
500 475 235 -156 319 145 -325 496 399 76 -22 -132 -420 -445 -414 -118 -449 446 65 83 -136 -348 -143 362 30 -136 -309 491 -82 -481 362 291
-103 409 212 340 -276 435 223 378 -144 315 6 101 -148 167 -338 -222 -452 191 278 369 24 -291 -182 290 -287 360 469 -367 -338 -18 103 -136
2 206 119 354 -346 270 -128 -250 311 212 -108 301 424 -171 349 130 -192 462 434 -366 5 -493 -19 347 -312 -429 79 333 -107 -92 349 -48
-382 287 308 -11 -327 375 249 -231 474 5 -282 -482 93 -340 -240 -97 -433 491 337 -132 232 177 332 344 -315 8 204 1 -61 42 344 -146
72 206 -251 375 297 24 115 407 412 98 -260 485 219 -229 96 89 -410 224 154 420 467 -145 406 361 345 -207 -321 -445 246 71 183 -302
312 16 -101 -123 196 222 242 -267 -125 353 423 -434 -28 291 408 458 -5 14 255 96 399 -155 -392 -325 110 -19 274 457 -417 -376 275 317
-340 -210 -96 -265 232 58 97 235 385 -84 321 261 -163 435 386 257 465 122 270 72 241 -467 -129 -419 35 -480 79 127 -199 -392 -332 -281
394 73 398 494 286 231 285 277 120 131 -418 -431 412 325 -70 -49 -263 -361 -362 118 139 473 391 187 -115 455 104 247 -217 224 -184 -33
373 -485 -312 -95 -44 -97 -431 448 271 -236 318 -490 469 457 403 -217 -138 128 -336 -114 -103 -168 45 364 451 -17 -163 -168 -65 66 346 -190
375 -392 -259 -334 -452 -248 360 427 -442 209 261 326 -7 306 91 401 -217 -337 -260 480 45 113 -430 -465 -244 411 -102 393 112 -67 -41 87
-441 26 207 173 429 -414 403 -434 1 335 -73 -270 -65 116 -333 -496 -100 166 -331 24 387 246 447 -58 357 -127 459 62 -60 -373 371 217
377 -179 -409 -269 20 495 268 481 433 37 -135 -467 -169 -20 -382 -190 9 -223 273 181 236 114 -152 -212 -35 -26 -18 -196 -131 -47 -441 -11
-161 -414 -181 -15 40 -77 -256 -186 245 354 -69 193 404 -322 -459 -192 270 -495 -129 -17 -289 4 -224 -107 -291 -416 -31 -313 -329 -180 -335 -232
451 -65 150 192 55 421 117 -321 62 147 232 430 16 -39 290 -86 339 145 250 -227 497 231 -295 -299 -235 252 384 415 -209 -463 -143 400
-312 -172 -58 62 9 -25 -74 498 -289 70 38 -159 394 15 -430 -257 -304 -144 -281 -292 -281 -402 101 245 -78 361 -158 93 -352 -163 -419 -113
-65 42 272 -381 401 -318 -87 86 19 -442 418 -357 200 -298 -35 412 -286 -355 73 -359 -89 -211 369 -163 141 86 -261 -201 -469 218 28 110
-455 384 -189 -67 275 -18 262 195 14 -375 -56 -371 -57 205 340 440 170 -147 -293 27 374 443 -411 -324 187 298 127 -364 -487 322 -108 445
-40 239 429 -292 -67 486 61 338 -340 -153 184 -316 4 72 -325 54 -154 -165 -260 473 394 -361 476 495 -237 252 -56 -319 393 0 112 -163
381 -490 -433 -449 -87 445 105 -232 196 -79 336 -4 17 -36 -222 -77 -486 -6 491 417 -327 -396 -14 -446 212 -145 -259 -268 -347 115 -128 99
272 -473 34 247 496 -92 -279 151 346 34 93 -133 -465 144 381 424 -112 443 476 434 -278 -383 108 -488 288 -129 69 451 -244 -104 -478 218
-215 -333 -265 6 389 64 381 333 -327 432 -129 -137 68 -282 139 -165 19 126 -129 324 291 243 357 250 241 337 -310 -437 -65 41 82 -103
478 -446 220 242 -273 -21 475 21 193 -414 -1 382 433 -366 -136 -32 -85 -462 -464 372 395 109 -255 161 131 118 -179 -185 -398 -241 -71 65
