16
-24    0    0    0    0    0    0    0    0    0    0    0    0    0    0    0
  87  -15    0    0    0    0    0    0    0    0    0    0    0    0    0    0
 -92   45   12    0    0    0    0    0    0    0    0    0    0    0    0    0
  18  -73   56   -3    0    0    0    0    0    0    0    0    0    0    0    0
 -41   62  -88   29   99    0    0    0    0    0    0    0    0    0    0    0
   5  -27   44  -58   71  -11    0    0    0    0    0    0    0    0    0    0
 -82   33  -19   68  -47   85    2    0    0    0    0    0    0    0    0    0
  54  -91   14  -63   38  -77   25   -9    0    0    0    0    0    0    0    0
 -36   75   -6   89  -21   64  -98   42  -55    0    0    0    0    0    0    0
  28  -84   51  -13   95  -34   78   -4   61  -66    0    0    0    0    0    0
 -70   16  -59   43  -80   22  -94   67  -26   81   -5    0    0    0    0    0
  93  -40   72   -8   57  -86   31  -79   48  -17   83  -52    0    0    0    0
 -12   88  -25   60  -96   39  -69   10  -50   74  -37   92  -81    0    0    0
  65  -30   97  -49   15  -74   53   -2   84  -46   69  -23   58  -87    0    0
 -99   46  -71   24  -85   37  -90   50  -18   91  -32   76  -10   41  -64    0
  35  -76    9  -53   82  -28   63  -95   27  -62   11  -89   47 -100   52  -39
