32
-431 44 -286 -109 48 -92 413 -231 -363 455 -354 211 -291 445 194 -378 -463 67 -255 378 -236 -497 -181 70 -86 -291 250 -246 -361 -324 -43 -29
-456 -443 -420 -137 -217 330 243 -95 243 429 -4 329 390 -75 67 -272 -383 -352 -346 -363 -157 234 -38 -21 166 -403 -482 -296 458 479 338 -112
-360 495 -396 -173 -479 76 337 -322 303 -65 67 -474 -364 97 -496 -203 -401 -70 -54 269 -211 323 -473 -387 -45 -6 -287 -111 -348 -296 201 -294
161 -4 231 -265 -436 -120 -155 -21 306 -154 265 45 -334 -435 95 -455 477 -40 -135 -193 -10 27 -191 -400 286 -152 -484 -136 -152 291 348 176
334 -364 402 32 -454 118 -176 -484 -231 52 -9 394 417 126 -133 242 -296 178 -325 -170 8 -51 271 -439 -88 122 -89 -23 318 457 -143 271
-296 141 240 -474 135 -394 392 5 432 -359 -229 -19 -249 -226 350 334 356 319 3 284 53 10 -321 -301 496 -243 350 108 -481 211 -490 -257
4 -434 27 -437 -397 322 309 482 -117 -330 -363 283 15 163 -142 294 83 482 -71 263 33 -311 497 229 361 -398 -368 -117 -16 -379 370 -205
95 426 -414 -300 278 106 -2 2 -150 -336 -95 -356 -386 141 106 -258 -139 -393 -110 -434 495 -419 -193 -169 -246 195 230 334 453 263 401 414
464 172 328 486 -498 -75 -170 471 -482 -427 -207 78 130 206 -476 159 -432 -62 -270 391 224 207 66 -282 73 -310 321 357 -170 -353 -15 -138
450 126 168 -275 -278 376 343 240 -291 395 20 373 -255 115 -499 164 -195 213 211 363 392 227 -37 -202 -91 175 -394 -140 -207 -133 -293 17
-262 -198 -110 -445 -257 163 453 -63 -205 411 -13 -27 99 -310 -20 447 -454 -230 -230 393 -269 33 389 -179 489 -265 447 62 -414 205 88 216
378 -48 -290 153 242 -233 385 -406 -466 -339 -143 80 274 -278 -98 -307 192 500 80 -352 -360 -35 -67 -5 258 32 -256 295 -21 128 -198 170
-88 -453 -212 336 -106 343 485 -413 272 -197 -48 -59 87 50 143 47 338 -189 -373 -438 -353 -458 -222 211 333 -382 -343 -88 -238 70 -190 16
277 245 183 147 311 254 -60 436 -371 9 229 322 -118 -226 483 363 -229 -327 -384 -153 54 -115 -45 400 -375 -412 31 -331 181 215 286 -10
-187 -321 -176 -324 126 -404 -221 352 106 -475 -487 -231 435 497 467 108 -237 475 -4 -133 174 140 429 -192 364 -191 -28 137 309 -446 -394 -462
-254 -339 440 -207 219 236 227 -315 269 -55 -404 451 -396 386 -183 468 -60 -449 345 -241 -298 -190 -124 -204 190 -145 492 148 -24 224 -157 104
339 -435 -211 -92 105 -371 -278 189 -21 481 362 -223 -89 427 202 -42 -132 33 80 -457 473 151 249 382 199 124 -453 -258 154 -324 115 351
393 -146 315 -378 -351 -10 -135 237 -159 408 -21 284 -352 241 -72 374 236 93 -129 473 -475 173 237 -410 3 -252 182 -478 -361 269 -292 -354
31 491 -500 -448 -162 -175 366 -6 426 -371 -219 230 86 95 346 -268 -280 -478 54 478 15 180 -272 -199 -408 373 164 -119 188 -104 -48 154
201 -92 -484 -141 58 120 239 -117 213 -471 -439 231 102 432 132 405 426 -58 -191 357 -17 254 -42 307 309 212 -181 166 144 -238 -117 381
192 363 -145 -252 382 -333 -175 436 -497 301 -164 -84 388 400 50 481 -339 -415 -100 121 -317 -395 -210 176 175 293 -358 -217 -194 194 59 -464
-464 84 -69 -246 -14 -105 222 186 -158 -495 -145 201 -369 -110 213 189 -186 291 402 -332 -377 71 405 391 -183 88 493 173 -130 -294 168 -260
361 488 -80 117 -408 -357 192 83 156 -181 -128 -180 -182 409 316 -289 396 3 235 -189 -48 98 -224 -47 238 -406 205 -231 199 -240 -132 429
-2 -176 343 -87 229 -172 -498 191 176 -448 -88 237 55 23 263 -241 -120 -186 -166 402 -117 -211 176 -117 -352 258 358 -487 209 184 -84 173
-5 -415 143 315 -454 -402 -23 -189 -49 341 335 80 -160 -25 252 224 17 -173 206 -359 490 47 -208 289 -331 269 -105 170 180 292 -275 -96
-332 -256 371 -103 -213 -159 -214 -193 149 59 -337 377 339 3 -110 -331 69 495 490 437 15 230 -321 408 232 -470 30 113 -500 284 311 135
343 315 -182 263 -283 2 -415 130 297 78 377 -364 474 412 115 224 -449 -351 -397 74 -452 -412 -459 -374 -158 214 -46 4 -156 -141 102 248
80 338 -341 -329 -205 -8 104 -313 -88 -362 -237 -87 -445 32 -368 -242 102 242 118 17 417 238 475 -489 -423 -168 -147 387 -121 -361 392 385
174 484 -92 -367 46 -3 298 345 374 -232 314 277 -440 -497 -33 -22 -416 459 109 -406 -262 -417 -356 -186 -20 -146 371 483 27 103 -339 -495
244 337 -443 291 -299 -99 47 -386 -74 172 -415 197 -256 139 127 58 301 306 2 -293 -320 -229 -47 133 -226 -372 -289 -457 497 -215 -391 -405
-475 -355 -302 89 441 -238 -95 103 -111 -491 -310 51 -326 -197 -316 -163 121 -380 381 437 461 476 -330 27 254 155 206 275 429 -444 236 301
-274 -287 -458 394 321 481 326 -246 -287 126 179 -12 430 -346 -280 -349 154 -195 79 -43 498 46 248 53 147 360 -378 -442 145 -203 84 90
